    17    12    28    30
    80    21    29    21
   143    20    30    22
   207    15    30    27
   277    14    24    28
   339    14    26    28
   403    13    27    29
   466    12    27    30

    14   137    28    33 
    77   150    26    20
   140   148    27    22
   204   142    27    28
   270   140    26    30
   337   139    25    31
   401   138    27    32
   463   137    30    33

    23   201    28    33
    89   214    26    20
   153   212    27    22
   217   206    21    28
   280   204    26    30
   342   203    25    31
   404   202    27    32
   467   201    30    33    

    20    76    28    30
    84    85    29    21
   148    84    30    22
   213    79    23    27
   276    78    24    28
   339    78    26    28
   403    77    27    29
   467    76    27    30


    22   275    23    23 
    86   273    23    25
   150   272    23    26
   214   271    23    27
   278   270    23    28
   342   270    23    28

    24   403    20    23 
    88   399    20    27
   151   398    21    28
   216   398    19    28
   280   397    20    29
   344   397    20    29

    21   467    20    23 
    85   463    20    27
   149   462    21    28
   214   462    19    28
   277   461    20    29
   341   461    20    29

    20   339    23    23 
    84   337    23    25
   148   336    23    26
   212   335    23    27
   276   334    23    28
   340   334    23    28


    22   535    23    19
    86   532    23    22
   151   530    21    24
   214   526    21    28
   274   523    29    31
   334   522    36    32
   397   522    38    31
   461   521    38    32
   526   521    38    32
   590   531    38    22

    24   664    17    18
    88   662    17    20
   153   658    16    24
   214   654    21    28
   274   651    29    31
   334   650    36    32
   397   650    38    31
   461   649    38    32
   526   649    38    32
   590   659    38    22

    24   728    17    18
    88   726    17    20
   152   722    16    24
   214   718    21    28
   274   715    29    31
   335   714    36    32
   398   714    38    31
   462   713    38    32
   525   713    38    32
   589   723    38    22

    20   599    23    19
    84   596    23    22
   149   594    21    24
   214   590    21    28
   274   587    29    31
   335   586    36    32
   398   586    38    31
   462   585    36    32
   525   585    38    32
   589   595    38    22


    24   794    17    18
    86   798    21    12
   154   786    13    24
   218   783    13    27
   278   797    23    13
   335   791    35    19
   389   780    56    30
   452   778    58    32
   514   776    64    34
   586   775    46    35

    24   922    17    16
    86   926    21    12
   154   914    13    24
   218   911    13    27
   277   926    23    12
   335   919    34    19
   390   908    53    30
   452   906    56    32
   514   904    64    34
   586   903    53    35

    24   986    18    16
    86   990    21    12
   154   978    13    24
   218   975    13    27
   277   990    23    12
   336   983    34    19
   390   972    53    30
   453   970    56    32
   515   968    60    34
   578   967    62    35

    24   858    17    16
    86   862    21    12
   154   850    13    24
   218   847    13    27
   277   861    22    13
   335   855    35    19
   388   844    56    30
   451   842    58    32
   514   840    64    34
   585   839    55    35


   24 1049 17 17
   86 1049 20 17
  148 1047 23 19
  211 1046 24 20
  275 1046 26 20
  
   24 1177 17 17
   87 1177 19 17
  150 1175 21 19
  213 1174 22 20
  277 1174 24 20

   24 1241 17 17
   87 1241 19 17
  150 1239 21 19
  214 1238 22 20
  276 1238 24 20 

    24 1113 17 17
   87 1113 20 17
  150 1111 23 19
  214 1110 24 20
  276 1110 26 20