21  530 21  31
86  531 19 29
149 530 21  26
213 528 23  27
278 530 21  31
343 531 19  29
406 530 21  26
468 528 23  27

22  465 18  31
87  464 18  32
151 463 17  33
215 464 17  32
278 465 18  31
343 464 18  32
407 463 17  33
471 464 17  32

24  337 18  31
87  336 18  32
152 335 17  33
216 336 17  32
280 337 18  31
343 336 18  32
408 335 17  33
472 336 17  32


21  398 22  33 
21  398 22  33
85  398 22  34
149 399 22  34
213 399 22  34
277 398 22  33
341 398 22  34
405 399 22  34


21  14  22  34
84  13  24  35
147 13  26  35
211 13  26  35
275 14  26  34
339 15  26  33
405 15  22  33
469 15  22  33

23  208 17  32
87  207 17  33
151 207 17  33
215 208 18  32
279 209 18  31
343 209 17  31
407 209 17  31
471 209 17  31

24  80  17  32
88  79  17  33
152 79  17  33
215 80  18  32
279 81  18  31
334 81  17  31
408 81  17  31
472 81  17  31

21  144 22  32
85  143 22  33
149 143 22  33
213 143 22  33
276 143 24  33
340 143 24  33
404 144 24  32
468 144 24  32

21  530 21  31
86  531 19  29
149 530 21  26

14  724 26  27
142 725 26  27
333 726 31  25

24  596 26  27
152 597 26  27
340 598 31  25

22  656 20  35
149 655 21  36
341 655 21  34



16  1039    27  32
80  1042    23  29
149 1044    24  30
215 1040    21  34
279 1038    20  34
343 1038    21  34

22  1233    18  32
85  1233    19  32
147 1234    20  31
210 1233    21  32
276 1233    19  32
340 1233    19  32
 
24  1105    18  32
88  1105    19  32
153 1106    20  31
217 1105    21  32
281 1105    19  32
345 1105    19  32
 
17  1168    29  34
81  1167    29  35
146 1167    26  34
213 1168    20  33
277 1169    20  33
341 1169    20  33


27  784 21  30
89  786 22  33
152 790 23  29
211 788 30  29
274 784 27  32
338 784 27  32

19  977 19  32
83  978 20  31
144 980 22  29
210 979 22  30
277 978 19  31
341 978 19  31

26  849 19  32
89  850 20  31
154 852 22  29
216 851 22  30
280 850 19  31
344 850 19  31

21  911 20  35
85  911 20  35
146 911 26  34
209 912 30  33
273 912 30  34
337 912 30  34