    17    12    28    30
    80    21    29    21
   143    20    30    22
   207    15    30    27
   277    14    24    28
   339    14    26    28
   403    13    27    29
   466    12    27    30

    14   137    28    33 
    77   150    26    20
   140   148    27    22
   204   142    27    28
   270   140    26    30
   337   139    25    31
   401   138    27    32
   463   137    30    33

    23   201    28    33
    89   214    26    20
   153   212    27    22
   217   206    21    28
   280   204    26    30
   342   203    25    31
   404   202    27    32
   467   201    30    33    

    20    76    28    30
    84    85    29    21
   148    84    30    22
   213    79    23    27
   276    78    24    28
   339    78    26    28
   403    77    27    29
   467    76    27    30


    22   275    23    23 
    86   273    23    25
   150   272    23    26
   214   271    23    27
   278   270    23    28
   342   270    23    28

    24   403    20    23 
    88   399    20    27
   151   398    21    28
   216   398    19    28
   280   397    20    29
   344   397    20    29

    21   467    20    23 
    85   463    20    27
   149   462    21    28
   214   462    19    28
   277   461    20    29
   341   461    20    29

    20   339    23    23 
    84   337    23    25
   148   336    23    26
   212   335    23    27
   276   334    23    28
   340   334    23    28


    22   535    23    19
    86   532    23    22
   151   530    21    24
   214   526    21    28
   274   523    29    31
   334   522    36    32
   397   522    38    31
   461   521    38    32
   526   521    38    32
   590   531    38    22

    24   664    17    18
    88   662    17    20
   153   658    16    24
   214   654    21    28
   274   651    29    31
   334   650    36    32
   397   650    38    31
   461   649    38    32
   526   649    38    32
   590   659    38    22

    24   728    17    18
    88   726    17    20
   152   722    16    24
   214   718    21    28
   274   715    29    31
   335   714    36    32
   398   714    38    31
   462   713    38    32
   525   713    38    32
   589   723    38    22

    20   599    23    19
    84   596    23    22
   149   594    21    24
   214   590    21    28
   274   587    29    31
   335   586    36    32
   398   586    38    31
   462   585    36    32
   525   585    38    32
   589   595    38    22


    20   789    21    18
    79   793    20    14
   138   796    17    11
   195   790    17    18
   251   787    22    21
   308   786    25    22
   365   784    27    28
   420   783    32    30
   478   779    34    29
   535   778    36    30
   592   777    38    32

    21   908    17    15
    80   910    16    13
   138   913    16    10
   195   907    17    17
   250   903    22    22
   305   903    25    22
   354   903    35    26
   411   899    37    31
   469   898    39    33
   532   897    30    28
   590   896    31    30
    
    21   965    17    16
    80   968    16    13
   138   971    16    10
   196   965    17    17
   252   961    22    22
   310   961    26    22
   369   961    34    27
   426   958    36    30
   482   956    39    33
   544   955    30    28
   601   954    32    30

    18   848    22    17
    77   851    20    14
   137   854    17    11
   196   848    17    18
   251   845    22    21
   308   844    25    23
   361   842    31    26
   421   841    32    27
   478   838    34    32
   535   837    36    29
   592   835    38    33


   18 1016 27 26
   82 1016 27 26 
  146 1021 28 21
  210 1018 28 24
  273 1017 28 25

   16 1143 30 27
   80 1143 30 27
  114 1148 27 22
  210 1145 27 25
  272 1144 29 26
   
   19 1207 30 27
   83 1207 30 27
  150 1212 27 22
  212 1209 27 25
  276 1208 29 26

   20 1080 27 26
   84 1080 27 26
  147 1085 26 21
  211 1082 28 24
  276 1081 28 25 