    18    401   12    26
    66    402   12    26
   114    403   12    26
   162    402   12    26
   210    401   12    26
   258    402   12    26
   306    403   12    26
   354    402   12    26   


    17    467   14    24
    66    467   14    24
   114    467   14    24
   162    467   14    24
   210    467   14    24
   257    467   14    24
   306    467   14    24
   354    467   14    24


    17    723    14    24
    65    723    14    24
   113    723    14    24
   161    723    14    24
   209    723    14    24
   257    723    14    24
   305    723    14    24
   353    723    14    24


    17    595    14    24
    65    595    14    24
   113    595    14    24
   161    595    14    24
   209    595    14    24
   257    595    14    24
   305    595    14    24
   353    595    14    24


    18    17    12    26
    66    18    12    26
   114    19    12    26
   162    18    12    26
   210    17    12    26
   258    18    12    26
   306    19    12    26
   354    18    12    26   


    17    83    14    24
    66    83    14    24
   114    83    14    24
   162    83    14    24
   210    83    14    24
   257    83    14    24
   306    83    14    24
   354    83    14    24


    17   339    14    24
    65   339    14    24
   113   339    14    24
   161   339    14    24
   209   339    14    24
   257   339    14    24
   305   339    14    24
   353   339    14    24


    17   211    14    24
    65   211    14    24
   113   211    14    24
   161   211    14    24
   209   211    14    24
   257   211    14    24
   305   211    14    24
   353   211    14    24


    19   785    12    26
    65   787    16    25
   115   791    12    22
   163   791    12    21
   211   794    12    19
   257   796    16    18
   305   807    16    20
   353   807    16    20

    17   980    13    23
    65   982    14    21
   113   984    13    19
   161   983    13    20
   209   985    13    19
   257   982    14    21
   304   984    16    19
   352   984    16    19
   
    18  1107    13    25
    67  1110    13    22
   115  1112    13    19
   163  1111    13    20
   212  1112    13    19
   261  1114    16    18
   309  1124    21    13
   357  1124    21    13
   
    18   851    13    25
    65   854    13    22
   112   856    13    19
   160   855    13    20
   207   856    13    19
   251   858    16    18
   294   868    21    13
   342   869    21    12

    18  1172    13  23
    67  1364    12  22
    113 1364    16  21
    161 1366    16  18
    209 1366    16  19
    257 1368    16  20
    305 1367    16  21
    355 1365    12  23

    18  1299    13  25
    67  1301    17  22
    107 1302    20  18
    155 1302    20  18
    203 1303    20  17
    251 1303    19  19
    299 1305    17  17
    349 1301    16  22

    18  1235    13  25
    67  1237    17  22
    114 1238    20  18
    162 1238    20  18
    210 1239    20  17
    259 1239    19  19
    309 1241    17  17
    356 1237    16  22

    17  1172    13  23
    65  1173    13  21
    111 1172    17  20
    159 1173    17  20
    207 1174    17  20
    255 1175    17  19
    303 1175    17  19
    353 1173    13  22