WALK
12 730 24 37
60 730 24 37
108 730 24 38
157 731 22 37
204 730 24 38
252 730 24 37
300 730 23 38
348 731 23 37
369 730 23 38

6 683 27 36
60 684 21 35
110 683 19 37
156 683 21 35
201 683 26 36
244 684 32 35
291 683 32 36
338 683 32 36
388 683 29 36

15 779 27 36
63 780 21 35
111 779 19 37
159 779 21 35
205 779 26 36
252 780 32 35
301 779 32 36
350 779 32 36
399 779 29 36

12 634 24 36
60 634 24 37
108 634 23 38
156 635 23 37
204 634 23 38
252 634 24 37
300 634 24 38
349 635 23 37
396 634 24 38

IDLE
14 105 21 39
62 107 21 37

13 59 21 36
60 60 22 35

14 155 21 36
62 156 22 35

14 10 22 37
62 12 23 35


DEATH
12 202 24 37
63 203 22 36
111 208 22 32
158 211 23 29
207 216 22 24
252 213 27 27

12 202 24 37
63 203 22 36
111 208 22 32
158 211 23 29
207 216 22 24
252 213 27 27

12 202 24 37
63 203 22 36
111 208 22 32
158 211 23 29
207 216 22 24
252 213 27 27

12 202 24 37
63 203 22 36
111 208 22 32
158 211 23 29
207 216 22 24
252 213 27 27



ATTACK
32 1230 24 42
117 1230 38 42
213 1236 39 37
315 1236 34 37
424 1236 21 37
516 1235 23 37

34 1132 47 43
128 1140 47 35
205 1140 50 36
290 1140 51 36
386 1140 51 35
490 1140 48 35

15 1324 46 43
113 1332 47 35
225 1332 50 36
331 1332 51 36
427 1332 51 35
518 1332 48 35

36 1044 28 36
134 1042 40 37
228 1038 41 40
324 1038 41 39
420 1038 20 39
518 1039 27 40


HURT
12 922 24 37
61 922 22 37
103 921 34 38
61 922 22 37
12 922 24 37

15 875 18 36
63 875 18 36
112 873 27 38
63 875 18 36
15 875 18 36

15 971 18 36
63 971 18 36
101 969 27 38
63 971 18 36
15 971 18 36

12 826 24 37
60 826 24 37
103 825 34 38
60 826 24 37
12 826 24 37


SHOOT
12 538 23 37
60 538 21 38
108 538 21 36
156 538 21 37
204 538 21 37
252 538 21 37
300 538 21 37
348 538 21 37
396 538 21 37
444 538 21 37
492 538 21 37
540 538 21 37
588 538 21 37

16 491 18 36
63 491 19 36
107 491 25 36
153 491 27 36
201 491 27 36
249 491 25 36
297 491 26 36
345 491 28 36
393 491 30 36
441 491 27 36
489 491 27 36
537 491 25 36
585 491 27 36

14 587 18 36
62 587 19 36
108 587 25 36
156 587 27 36
204 587 27 36
254 587 25 36
301 587 26 36
347 587 28 36
393 587 30 36
444 587 27 36
492 587 27 36
542 587 25 36
588 587 27 36

12 443 23 36
61 444 21 36
110 443 19 37
157 443 20 37
205 443 23 37
253 443 21 37
301 443 22 37
349 443 23 37
397 443 23 37
445 443 23 37
493 443 20 37
541 443 20 37
589 443 20 37